72
0.6
6
-1.5778673887252808,6.837979793548584,15.400266647338867,0.2,0.2
-1.6142973899841309,6.483991622924805,15.405035018920898,0.12,1.2
-1.7433723211288452,6.106466770172119,15.261444091796875,0.12,1.2
-1.7996662855148315,5.921284198760986,14.960981369018555,0.12,1.2
-1.8368890285491943,5.8870768547058105,14.55810260772705,0.1,0.8
-1.8002043962478638,5.908380508422852,14.178040504455566,0.06,1.0
-1.7316287755966187,5.975100040435791,13.826488494873047,0.01,0.6
7
-1.4572447538375854,6.88110876083374,15.368504524230957,0.2,0.2
-1.0347768068313599,6.827762603759766,15.191340446472168,0.12,1.2
-0.8046678304672241,6.7424211502075195,14.849108695983887,0.12,1.2
-0.7493090629577637,6.612247943878174,14.426066398620605,0.12,1.2
-0.890849769115448,6.535068511962891,13.913509368896484,0.12,1.2
-1.077429175376892,6.4702653884887695,13.440770149230957,0.1,0.8
-1.194411277770996,6.414792537689209,13.022245407104492,0.06,1.0
-1.3144627809524536,6.353082180023193,12.606627464294434,0.01,0.6
7
-1.4654576778411865,6.868807315826416,15.36960220336914,0.2,0.2
-1.0466275215148926,6.7335615158081055,15.193535804748535,0.12,1.2
-0.8350269198417664,6.644014835357666,14.855694770812988,0.12,1.2
-0.7933883666992188,6.509637355804443,14.465694427490234,0.12,1.2
-0.9205441474914551,6.4568867683410645,13.953137397766113,0.12,1.2
-1.1184149980545044,6.363711357116699,13.46413516998291,0.1,0.8
-1.229742169380188,6.304908275604248,12.998819351196289,0.06,1.0
-1.3465386629104614,6.282562732696533,12.49184513092041,0.01,0.6
7
-1.4808529615402222,6.851434230804443,15.373992919921875,0.2,0.2
-1.0830581188201904,6.630392074584961,15.206707954406738,0.12,1.2
-0.8750050067901611,6.559409141540527,14.868866920471191,0.12,1.2
-0.8698596358299255,6.431734561920166,14.489075660705566,0.12,1.2
-0.9566685557365417,6.347620010375977,13.976410865783691,0.12,1.2
-1.1260018348693848,6.308836460113525,13.487408638000488,0.1,0.8
-1.2364909648895264,6.244257926940918,13.10234260559082,0.06,1.0
-1.4387046098709106,6.150607109069824,12.589465141296387,0.01,0.6
6
-1.5613160133361816,6.844264030456543,15.390077590942383,0.2,0.2
-1.5570406913757324,6.480662822723389,15.39678955078125,0.12,1.2
-1.6548371315002441,6.118337154388428,15.257003784179688,0.12,1.2
-1.738044023513794,5.9323248863220215,14.93507194519043,0.12,1.2
-1.772084355354309,5.899164199829102,14.551868438720703,0.1,0.8
-1.7321401834487915,5.920843124389648,14.171806335449219,0.06,1.0
-1.689396858215332,5.982434272766113,13.757948875427246,0.01,0.6
6
-1.553384780883789,6.845283508300781,15.388996124267578,0.2,0.2
-1.5108087062835693,6.4790358543396,15.386404037475586,0.12,1.2
-1.5848381519317627,6.129148006439209,15.233871459960938,0.12,1.2
-1.649080514907837,5.948459625244141,14.9276762008667,0.12,1.2
-1.6984940767288208,5.911861896514893,14.552340507507324,0.1,0.8
-1.6822690963745117,5.90252685546875,14.250958442687988,0.06,1.0
-1.6672626733779907,5.961501121520996,13.93545150756836,0.01,0.6
5
-1.5366729497909546,6.844646453857422,15.382880210876465,0.2,0.2
-1.467477560043335,6.482169151306152,15.373323440551758,0.12,1.2
-1.504172682762146,6.137033939361572,15.21314525604248,0.12,1.2
-1.5814365148544312,5.968628883361816,14.900773048400879,0.1,0.8
-1.61734938621521,5.914112091064453,14.500812530517578,0.06,1.0
-1.565519094467163,5.958751678466797,14.146010398864746,0.01,0.6
6
-1.5259982347488403,6.847538948059082,15.381217002868652,0.2,0.2
-1.4299287796020508,6.489595413208008,15.381016731262207,0.12,1.2
-1.4174833297729492,6.1548991203308105,15.219264030456543,0.12,1.2
-1.5054123401641846,5.994971752166748,14.897978782653809,0.12,1.2
-1.5411216020584106,5.939956188201904,14.503459930419922,0.1,0.8
-1.4183577299118042,6.006541728973389,14.200377464294434,0.06,1.0
-1.2500410079956055,6.100414752960205,13.939146995544434,0.01,0.6
6
-1.5220381021499634,6.844922065734863,15.381217002868652,0.2,0.2
-1.4069994688034058,6.49272346496582,15.37680435180664,0.12,1.2
-1.3768423795700073,6.164926052093506,15.20719051361084,0.12,1.2
-1.4339033365249634,6.010806083679199,14.896407127380371,0.12,1.2
-1.4551584720611572,5.963364124298096,14.516783714294434,0.1,0.8
-1.3841084241867065,6.008327960968018,14.233750343322754,0.06,1.0
-1.243303894996643,6.089733123779297,13.962982177734375,0.01,0.6
8
-1.5188679695129395,6.844953536987305,15.380640983581543,0.2,0.2
-1.3767048120498657,6.502192974090576,15.3695650100708,0.12,1.2
-1.3200099468231201,6.178646087646484,15.1947660446167,0.12,1.2
-1.3617080450057983,6.028322219848633,14.878453254699707,0.12,1.2
-1.3595150709152222,5.995099067687988,14.503569602966309,0.12,1.2
-1.2989850044250488,6.03446626663208,14.264726638793945,0.12,1.2
-1.157224416732788,6.199233531951904,13.987985610961914,0.1,0.8
-1.1525956392288208,6.286442756652832,13.724420547485352,0.06,1.0
-1.2340959310531616,6.307858467102051,13.448018074035645,0.01,0.6
8
-1.518592119216919,6.846764087677002,15.380290031433105,0.2,0.2
-1.3384120464324951,6.523185729980469,15.353830337524414,0.12,1.2
-1.2560932636260986,6.2228593826293945,15.17729663848877,0.12,1.2
-1.2890757322311401,6.0738911628723145,14.867597579956055,0.12,1.2
-1.2898308038711548,6.031191349029541,14.502766609191895,0.12,1.2
-1.222528338432312,6.068174362182617,14.292512893676758,0.12,1.2
-1.0988277196884155,6.237138748168945,13.994946479797363,0.1,0.8
-1.1163110733032227,6.328546524047852,13.721283912658691,0.06,1.0
-1.1813853979110718,6.389518737792969,13.461020469665527,0.01,0.6
8
-1.5128875970840454,6.845022201538086,15.379608154296875,0.2,0.2
-1.277169108390808,6.533304691314697,15.329116821289062,0.12,1.2
-1.1649768352508545,6.264347076416016,15.14857292175293,0.12,1.2
-1.2067573070526123,6.118491172790527,14.84637451171875,0.12,1.2
-1.2063039541244507,6.08482551574707,14.501449584960938,0.12,1.2
-1.1455283164978027,6.148465633392334,14.24846076965332,0.12,1.2
-1.064723253250122,6.306055068969727,13.981339454650879,0.1,0.8
-1.1199735403060913,6.411601543426514,13.716887474060059,0.06,1.0
-1.1462117433547974,6.431244373321533,13.546628952026367,0.01,0.6
8
-1.4784791469573975,6.846179962158203,15.366974830627441,0.2,0.2
-1.2262762784957886,6.571078300476074,15.313353538513184,0.12,1.2
-1.084812045097351,6.305943489074707,15.124724388122559,0.12,1.2
-1.1204657554626465,6.1728596687316895,14.819135665893555,0.12,1.2
-1.121485710144043,6.15811824798584,14.49713134765625,0.12,1.2
-1.0546875,6.227052211761475,14.227968215942383,0.12,1.2
-1.0380436182022095,6.373997688293457,13.939739227294922,0.1,0.8
-1.0735384225845337,6.447234630584717,13.722806930541992,0.06,1.0
-1.1040992736816406,6.470461368560791,13.59176254272461,0.01,0.6
8
-1.4717888832092285,6.850389003753662,15.364744186401367,0.2,0.2
-1.1784363985061646,6.598629951477051,15.298216819763184,0.12,1.2
-1.0138670206069946,6.373410701751709,15.097208023071289,0.12,1.2
-1.0228582620620728,6.253005027770996,14.796359062194824,0.12,1.2
-1.0308588743209839,6.24038028717041,14.482665061950684,0.12,1.2
-0.9847534894943237,6.286050796508789,14.211514472961426,0.12,1.2
-1.005725383758545,6.387152194976807,13.942350387573242,0.1,0.8
-1.0540326833724976,6.442821025848389,13.74322509765625,0.06,1.0
-1.1001089811325073,6.468307018280029,13.627949714660645,0.01,0.6
7
-1.4669644832611084,6.853670120239258,15.362923622131348,0.2,0.2
-1.1591588258743286,6.642215251922607,15.263567924499512,0.12,1.2
-0.9699375033378601,6.450802803039551,15.071678161621094,0.12,1.2
-0.9662989974021912,6.34335994720459,14.781404495239258,0.12,1.2
-0.9640584588050842,6.315389156341553,14.462777137756348,0.12,1.2
-0.9663125276565552,6.363283634185791,14.141288757324219,0.1,0.8
-0.9739341735839844,6.426042556762695,14.007372856140137,0.06,1.0
-1.0100224018096924,6.461349964141846,13.872979164123535,0.01,0.6
7
-1.4653514623641968,6.857280254364014,15.362923622131348,0.2,0.2
-1.157545804977417,6.645825386047363,15.263567924499512,0.12,1.2
-0.9495201110839844,6.51914644241333,15.012577056884766,0.12,1.2
-0.9204598665237427,6.432465076446533,14.773564338684082,0.12,1.2
-0.9173172116279602,6.397493839263916,14.45495891571045,0.12,1.2
-0.9400519728660583,6.420434951782227,14.1099853515625,0.1,0.8
-0.9833787083625793,6.482443332672119,13.948891639709473,0.06,1.0
-1.0308098793029785,6.494697570800781,13.777678489685059,0.01,0.6
7
-1.4584730863571167,6.9058074951171875,15.367576599121094,0.2,0.2
-1.0287201404571533,6.906134605407715,15.184844970703125,0.12,1.2
-0.7986112236976624,6.820793151855469,14.842613220214844,0.12,1.2
-0.7519004344940186,6.710720539093018,14.397810935974121,0.12,1.2
-0.8933224081993103,6.625343322753906,13.893452644348145,0.12,1.2
-1.0912818908691406,6.566298961639404,13.42784595489502,0.1,0.8
-1.207907795906067,6.441444396972656,13.033915519714355,0.06,1.0
-1.3148772716522217,6.358664035797119,12.54011344909668,0.01,0.6
8
-1.4639363288879395,6.916855812072754,15.369293212890625,0.2,0.2
-1.0263005495071411,6.931992053985596,15.181593894958496,0.12,1.2
-0.8041664361953735,6.885037422180176,14.825518608093262,0.12,1.2
-0.7565938234329224,6.811802864074707,14.363785743713379,0.12,1.2
-0.8979237675666809,6.722306251525879,13.878238677978516,0.12,1.2
-1.1091318130493164,6.693036079406738,13.414331436157227,0.12,1.2
-1.232947826385498,6.598627090454102,12.985700607299805,0.1,0.8
-1.2819461822509766,6.453319072723389,12.524396896362305,0.06,1.0
-1.417548418045044,6.412204742431641,12.274798393249512,0.01,0.6
9
-1.4618812799453735,6.934807777404785,15.365376472473145,0.2,0.2
-1.0242455005645752,6.974985599517822,15.177677154541016,0.12,1.2
-0.8021113872528076,6.934630393981934,14.821601867675781,0.12,1.2
-0.7616673707962036,6.896135330200195,14.346196174621582,0.12,1.2
-0.9063668847084045,6.8271870613098145,13.869145393371582,0.12,1.2
-1.0624549388885498,6.789621353149414,13.390290260314941,0.12,1.2
-1.182963490486145,6.7668375968933105,13.060674667358398,0.12,1.2
-1.2316863536834717,6.692695617675781,12.728480339050293,0.1,0.8
-1.3067775964736938,6.569506645202637,12.509294509887695,0.06,1.0
-1.3119096755981445,6.4164628982543945,12.291687965393066,0.01,0.6
9
-1.4559047222137451,6.959094047546387,15.362401962280273,0.2,0.2
-1.0293914079666138,7.0305585861206055,15.176145553588867,0.12,1.2
-0.7985506653785706,7.021707534790039,14.788864135742188,0.12,1.2
-0.7581066489219666,6.983212471008301,14.313458442687988,0.12,1.2
-0.900257408618927,6.954529762268066,13.843021392822266,0.12,1.2
-1.08454430103302,6.909080982208252,13.380847930908203,0.12,1.2
-1.1758227348327637,6.89695405960083,13.041204452514648,0.12,1.2
-1.1907507181167603,6.727664470672607,12.705987930297852,0.1,0.8
-1.228163719177246,6.57858943939209,12.47799301147461,0.06,1.0
-1.2463443279266357,6.371564865112305,12.225164413452148,0.01,0.6
15
-1.457544207572937,6.992638111114502,15.359310150146484,0.2,0.2
-1.0244473218917847,7.086285591125488,15.167282104492188,0.12,1.2
-0.8186251521110535,7.114119052886963,14.777105331420898,0.12,1.2
-0.7688647508621216,7.0657830238342285,14.291293144226074,0.12,1.2
-0.9035317897796631,7.048696994781494,13.813490867614746,0.12,1.2
-1.054791808128357,7.015564441680908,13.342702865600586,0.12,1.2
-1.1559033393859863,7.141837120056152,12.977859497070312,0.12,1.2
-1.231566071510315,7.338512420654297,12.72963809967041,0.12,1.2
-1.2180290222167969,7.497401237487793,12.445172309875488,0.12,1.2
-1.1848787069320679,7.588367938995361,12.174854278564453,0.12,1.2
-1.045379400253296,7.725673198699951,11.718503952026367,0.12,1.2
-0.8186623454093933,7.694238185882568,11.184150695800781,0.12,1.2
-0.6014665961265564,7.6406474113464355,10.485987663269043,0.12,1.2
-0.557930052280426,7.5140557289123535,9.834299087524414,0.1,0.8
-0.6006107926368713,7.38763427734375,9.40381908416748,0.06,1.0
-0.7256284952163696,7.315215587615967,8.990137100219727,0.01,0.6
14
-1.4625754356384277,7.014679431915283,15.357009887695312,0.2,0.2
-1.0406159162521362,7.13064432144165,15.165771484375,0.12,1.2
-0.8317709565162659,7.165486812591553,14.774015426635742,0.12,1.2
-0.7981343269348145,7.184267520904541,14.268026351928711,0.12,1.2
-0.9021795988082886,7.123917579650879,13.80856990814209,0.12,1.2
-1.072051763534546,7.175508975982666,13.326128959655762,0.12,1.2
-1.1156617403030396,7.272068977355957,12.962069511413574,0.12,1.2
-1.0970362424850464,7.437534809112549,12.668244361877441,0.12,1.2
-1.052560567855835,7.619719505310059,12.284602165222168,0.12,1.2
-0.84980708360672,7.708608150482178,11.742887496948242,0.12,1.2
-0.609149158000946,7.613214015960693,11.215843200683594,0.12,1.2
-0.4509090781211853,7.655959606170654,10.395333290100098,0.12,1.2
-0.4305773377418518,7.760368347167969,9.93030834197998,0.1,0.8
-0.46880340576171875,7.849321365356445,9.30322265625,0.06,1.0
-0.5251582860946655,7.7555670738220215,8.786792755126953,0.01,0.6
13
-1.4658913612365723,7.054001808166504,15.344109535217285,0.2,0.2
-1.0116050243377686,7.1798272132873535,15.160401344299316,0.12,1.2
-0.817387580871582,7.230442047119141,14.781794548034668,0.12,1.2
-0.78704833984375,7.254171848297119,14.234463691711426,0.12,1.2
-0.8910102844238281,7.23146915435791,13.783429145812988,0.12,1.2
-0.9657410383224487,7.284173011779785,13.28571605682373,0.12,1.2
-1.0049959421157837,7.3946709632873535,12.96875286102295,0.12,1.2
-1.0267798900604248,7.487010478973389,12.663368225097656,0.12,1.2
-0.9313361048698425,7.623109340667725,12.369682312011719,0.12,1.2
-0.7889639735221863,7.712793350219727,11.999013900756836,0.12,1.2
-0.5521029233932495,7.732783317565918,11.35049057006836,0.12,1.2
-0.37520986795425415,7.687934398651123,10.839409828186035,0.1,0.8
-0.276607871055603,7.8389668464660645,10.163363456726074,0.06,1.0
-0.19606086611747742,8.017125129699707,9.38696575164795,0.01,0.6
12
-1.4723050594329834,7.068171977996826,15.34457015991211,0.2,0.2
-1.034177541732788,7.235490322113037,15.15331745147705,0.12,1.2
-0.8064702749252319,7.297235488891602,14.774798393249512,0.12,1.2
-0.8300848007202148,7.347991466522217,14.235010147094727,0.12,1.2
-0.9045224189758301,7.335320472717285,13.754388809204102,0.12,1.2
-0.9411709904670715,7.36464262008667,13.283626556396484,0.12,1.2
-0.9649360179901123,7.508475303649902,12.90829086303711,0.12,1.2
-0.9322208762168884,7.599842071533203,12.554706573486328,0.12,1.2
-0.7418030500411987,7.708183288574219,12.16292953491211,0.12,1.2
-0.5696017742156982,7.914768695831299,11.569168090820312,0.12,1.2
-0.48137789964675903,7.9802093505859375,10.874933242797852,0.1,0.8
-0.473945289850235,8.184382438659668,10.03515625,0.06,1.0
-0.6450342535972595,8.372021675109863,9.343302726745605,0.01,0.6
12
-1.4796853065490723,7.089322090148926,15.341813087463379,0.2,0.2
-1.0487370491027832,7.300324440002441,15.148858070373535,0.12,1.2
-0.8163222074508667,7.389797687530518,14.770339012145996,0.12,1.2
-0.8399367332458496,7.440553665161133,14.230550765991211,0.12,1.2
-0.9179672002792358,7.420902252197266,13.756179809570312,0.12,1.2
-0.9556930065155029,7.4386515617370605,13.282939910888672,0.12,1.2
-0.9234924912452698,7.580421447753906,12.903831481933594,0.12,1.2
-0.8750892281532288,7.639989852905273,12.545268058776855,0.12,1.2
-0.7269272804260254,7.759363651275635,12.156445503234863,0.12,1.2
-0.6348169445991516,7.9140753746032715,11.658941268920898,0.12,1.2
-0.6553908586502075,8.041253089904785,10.820274353027344,0.1,0.8
-0.7138040661811829,8.285764694213867,9.980060577392578,0.06,1.0
-0.8284024000167847,8.58727741241455,9.324939727783203,0.01,0.6
7
-1.7191439867019653,6.845676898956299,15.4369478225708,0.2,0.2
-2.1475815773010254,6.62356424331665,15.370101928710938,0.12,1.2
-2.439265727996826,6.488426685333252,15.05211067199707,0.12,1.2
-2.5757265090942383,6.407752513885498,14.653594017028809,0.12,1.2
-2.6440272331237793,6.3862433433532715,14.141022682189941,0.12,1.2
-2.588029146194458,6.328233242034912,13.675346374511719,0.1,0.8
-2.5492961406707764,6.254761695861816,13.212584495544434,0.06,1.0
-2.557166814804077,6.126399040222168,12.729656219482422,0.01,0.6
7
-1.6879050731658936,6.8218092918396,15.437262535095215,0.2,0.2
-2.02004075050354,6.581353187561035,15.401643753051758,0.12,1.2
-2.314260482788086,6.4315690994262695,15.180838584899902,0.12,1.2
-2.460674285888672,6.379676342010498,14.89539909362793,0.12,1.2
-2.566075325012207,6.331510066986084,14.537816047668457,0.12,1.2
-2.6251847743988037,6.290799140930176,14.04017162322998,0.1,0.8
-2.5653176307678223,6.213582515716553,13.729728698730469,0.06,1.0
-2.499858856201172,6.136282920837402,13.413603782653809,0.01,0.6
6
-1.5975996255874634,6.838133335113525,15.39780330657959,0.2,0.2
-1.690506935119629,6.492186069488525,15.404006004333496,0.12,1.2
-1.8248077630996704,6.12202262878418,15.259140014648438,0.12,1.2
-1.8958611488342285,5.940103530883789,14.968485832214355,0.12,1.2
-1.9100477695465088,5.898412227630615,14.55567741394043,0.1,0.8
-1.9026153087615967,5.942574977874756,14.237777709960938,0.06,1.0
-1.8171125650405884,6.017930030822754,13.954401016235352,0.01,0.6
6
-1.6070916652679443,6.8377227783203125,15.395548820495605,0.2,0.2
-1.7660179138183594,6.514730453491211,15.40062427520752,0.12,1.2
-1.8938589096069336,6.1539459228515625,15.261394500732422,0.12,1.2
-1.9795395135879517,5.966610908508301,14.955677032470703,0.12,1.2
-2.0018041133880615,5.920454025268555,14.553995132446289,0.1,0.8
-1.9809880256652832,5.9244608879089355,14.247910499572754,0.06,1.0
-1.9377002716064453,5.976934909820557,13.966452598571777,0.01,0.6
6
-1.6263704299926758,6.845950603485107,15.395548820495605,0.2,0.2
-1.8196282386779785,6.535965919494629,15.398484230041504,0.12,1.2
-1.9769810438156128,6.186132431030273,15.257115364074707,0.12,1.2
-2.071732521057129,6.00421667098999,14.947945594787598,0.12,1.2
-2.0825793743133545,5.9511871337890625,14.53847599029541,0.1,0.8
-2.0458452701568604,5.926838397979736,14.297418594360352,0.06,1.0
-1.9679996967315674,5.970439434051514,14.04863166809082,0.01,0.6
7
-1.6524235010147095,6.856754779815674,15.41909408569336,0.2,0.2
-1.85092294216156,6.54245138168335,15.415366172790527,0.12,1.2
-2.0455679893493652,6.209375858306885,15.253466606140137,0.12,1.2
-2.1456682682037354,6.044477939605713,14.929117202758789,0.12,1.2
-2.3072421550750732,6.0598368644714355,14.495716094970703,0.12,1.2
-2.3961081504821777,6.102519512176514,14.20887279510498,0.1,0.8
-2.456451177597046,6.154820919036865,13.90428352355957,0.06,1.0
-2.4418344497680664,6.127025604248047,13.513420104980469,0.01,0.6
7
-1.6757375001907349,6.822274684906006,15.434054374694824,0.2,0.2
-1.9703450202941895,6.533019065856934,15.39741039276123,0.12,1.2
-2.2699193954467773,6.348260879516602,15.174837112426758,0.12,1.2
-2.378790855407715,6.2899699211120605,14.895389556884766,0.12,1.2
-2.5176050662994385,6.285097122192383,14.544164657592773,0.12,1.2
-2.59662127494812,6.223716735839844,14.052803039550781,0.1,0.8
-2.544400691986084,6.193859577178955,13.733933448791504,0.06,1.0
-2.4814517498016357,6.125162601470947,13.36287784576416,0.01,0.6
7
-1.6736031770706177,6.813493251800537,15.439645767211914,0.2,0.2
-1.9387884140014648,6.506589412689209,15.393445014953613,0.12,1.2
-2.1999733448028564,6.290440082550049,15.183611869812012,0.12,1.2
-2.325806140899658,6.209755897521973,14.884591102600098,0.12,1.2
-2.4540257453918457,6.196245193481445,14.531259536743164,0.12,1.2
-2.543083906173706,6.162685394287109,14.093181610107422,0.1,0.8
-2.5734853744506836,6.117917537689209,13.823840141296387,0.06,1.0
-2.589125871658325,5.998236656188965,13.546354293823242,0.01,0.6
7
-1.6639652252197266,6.809257507324219,15.423137664794922,0.2,0.2
-1.9299508333206177,6.500181198120117,15.393445014953613,0.12,1.2
-2.1468217372894287,6.219976425170898,15.20692253112793,0.12,1.2
-2.2681386470794678,6.108327388763428,14.914310455322266,0.12,1.2
-2.3984742164611816,6.091643810272217,14.532966613769531,0.12,1.2
-2.4632041454315186,6.146354675292969,14.215055465698242,0.1,0.8
-2.5114145278930664,6.134178638458252,13.87369155883789,0.06,1.0
-2.481616258621216,6.137266635894775,13.598989486694336,0.01,0.6
7
-1.728643536567688,6.861354827880859,15.435683250427246,0.2,0.2
-2.1643004417419434,6.677525043487549,15.364483833312988,0.12,1.2
-2.4938127994537354,6.558655261993408,15.057291030883789,0.12,1.2
-2.638476610183716,6.465531826019287,14.658658027648926,0.12,1.2
-2.657438039779663,6.425782203674316,14.127931594848633,0.12,1.2
-2.595487117767334,6.381343841552734,13.632758140563965,0.1,0.8
-2.563401460647583,6.3228912353515625,13.188087463378906,0.06,1.0
-2.5349278450012207,6.185787200927734,12.777512550354004,0.01,0.6
8
-1.7417035102844238,6.87067985534668,15.43501091003418,0.2,0.2
-2.189578056335449,6.7349138259887695,15.374516487121582,0.12,1.2
-2.5260002613067627,6.62484884262085,15.059743881225586,0.12,1.2
-2.672772169113159,6.5306267738342285,14.64120101928711,0.12,1.2
-2.693040132522583,6.466421127319336,14.118499755859375,0.12,1.2
-2.6195640563964844,6.47226619720459,13.630134582519531,0.12,1.2
-2.5887668132781982,6.461828708648682,13.13396167755127,0.1,0.8
-2.5340518951416016,6.471247673034668,12.74692153930664,0.06,1.0
-2.420280933380127,6.360843658447266,12.33032512664795,0.01,0.6
9
-1.7425414323806763,6.887241363525391,15.436822891235352,0.2,0.2
-2.2125396728515625,6.793153285980225,15.3652982711792,0.12,1.2
-2.566556930541992,6.700702667236328,15.044595718383789,0.12,1.2
-2.6905171871185303,6.604725360870361,14.648923873901367,0.12,1.2
-2.711379051208496,6.541053771972656,14.10421371459961,0.12,1.2
-2.6453566551208496,6.574754238128662,13.623658180236816,0.12,1.2
-2.6075987815856934,6.534929275512695,13.134941101074219,0.12,1.2
-2.557896852493286,6.554895401000977,12.72926139831543,0.1,0.8
-2.524052858352661,6.4876708984375,12.355443000793457,0.06,1.0
-2.559049606323242,6.397675514221191,12.144084930419922,0.01,0.6
9
-1.7450451850891113,6.908833980560303,15.438895225524902,0.2,0.2
-2.214365005493164,6.8384108543396,15.367355346679688,0.12,1.2
-2.5796639919281006,6.770539283752441,15.043251991271973,0.12,1.2
-2.7022361755371094,6.682877540588379,14.628337860107422,0.12,1.2
-2.7182462215423584,6.637519836425781,14.108437538146973,0.12,1.2
-2.658956527709961,6.673782825469971,13.60340690612793,0.12,1.2
-2.633762836456299,6.67747688293457,13.141335487365723,0.12,1.2
-2.588202953338623,6.644619464874268,12.718145370483398,0.1,0.8
-2.59355092048645,6.546816349029541,12.342690467834473,0.06,1.0
-2.62850022315979,6.470248222351074,12.069235801696777,0.01,0.6
10
-1.7496415376663208,6.9315972328186035,15.439062118530273,0.2,0.2
-2.2194876670837402,6.891704559326172,15.365082740783691,0.12,1.2
-2.575793743133545,6.838450908660889,15.027859687805176,0.12,1.2
-2.7038352489471436,6.756783962249756,14.614850997924805,0.12,1.2
-2.7328174114227295,6.739096164703369,14.102745056152344,0.12,1.2
-2.741448402404785,6.803012847900391,13.606785774230957,0.12,1.2
-2.786170244216919,6.834055423736572,13.118167877197266,0.12,1.2
-2.7119646072387695,6.760737895965576,12.714361190795898,0.12,1.2
-2.659959554672241,6.624526023864746,12.357674598693848,0.1,0.8
-2.6026320457458496,6.514719486236572,12.072968482971191,0.06,1.0
-2.5227577686309814,6.33057165145874,11.889320373535156,0.01,0.6
10
-1.7504432201385498,6.958839416503906,15.441584587097168,0.2,0.2
-2.234565258026123,6.938833713531494,15.36487865447998,0.12,1.2
-2.565190315246582,6.907540798187256,15.018145561218262,0.12,1.2
-2.7067530155181885,6.81951904296875,14.59953498840332,0.12,1.2
-2.7333414554595947,6.789609909057617,14.112348556518555,0.12,1.2
-2.764648199081421,6.885587215423584,13.623627662658691,0.12,1.2
-2.8165550231933594,6.8992228507995605,13.108081817626953,0.12,1.2
-2.7366855144500732,6.823030471801758,12.710495948791504,0.12,1.2
-2.6313188076019287,6.668069839477539,12.3970947265625,0.1,0.8
-2.5211522579193115,6.547903537750244,12.167696952819824,0.06,1.0
-2.420482635498047,6.366541385650635,12.0083589553833,0.01,0.6
14
-1.7487962245941162,6.977881908416748,15.441301345825195,0.2,0.2
-2.2372589111328125,6.973012447357178,15.36756706237793,0.12,1.2
-2.5678839683532715,6.9417195320129395,15.020833969116211,0.12,1.2
-2.721013307571411,6.882935523986816,14.599251747131348,0.12,1.2
-2.7552285194396973,6.855359077453613,14.123952865600586,0.12,1.2
-2.832118272781372,6.914024829864502,13.606541633605957,0.12,1.2
-2.723290205001831,7.063627243041992,13.19803237915039,0.12,1.2
-2.6945877075195312,7.369123935699463,12.889660835266113,0.12,1.2
-2.64695405960083,7.697371006011963,12.733877182006836,0.12,1.2
-2.6318397521972656,8.01080322265625,12.380701065063477,0.12,1.2
-2.6027393341064453,8.162422180175781,11.791189193725586,0.12,1.2
-2.6812829971313477,8.206274032592773,11.107879638671875,0.12,1.2
-2.97956919670105,7.9839091300964355,10.051900863647461,0.1,0.8
-3.6953818798065186,7.7576985359191895,9.084918975830078,0.06,1.0
-4.1016340255737305,7.361972808837891,8.587289810180664,0.01,0.6
14
-1.7475782632827759,6.993753910064697,15.4418306350708,0.2,0.2
-2.2333784103393555,7.00701904296875,15.368096351623535,0.12,1.2
-2.5640034675598145,6.975726127624512,15.021363258361816,0.12,1.2
-2.7165653705596924,6.938031196594238,14.592334747314453,0.12,1.2
-2.7835991382598877,6.910671234130859,14.127097129821777,0.12,1.2
-2.8328819274902344,6.961315631866455,13.602208137512207,0.12,1.2
-2.730705976486206,7.103677272796631,13.212580680847168,0.12,1.2
-2.6830239295959473,7.428467750549316,12.926637649536133,0.12,1.2
-2.6875038146972656,7.751649856567383,12.749706268310547,0.12,1.2
-2.672389507293701,8.065082550048828,12.396530151367188,0.12,1.2
-2.6842920780181885,8.189229965209961,11.805548667907715,0.12,1.2
-2.8470711708068848,8.190953254699707,11.14224624633789,0.12,1.2
-3.1531763076782227,8.073182106018066,10.12099838256836,0.1,0.8
-3.720599412918091,7.965493679046631,9.141511917114258,0.06,1.0
-3.99727463722229,7.869784355163574,8.572466850280762,0.01,0.6
13
-1.4901123046875,7.100887775421143,15.341805458068848,0.2,0.2
-1.0740488767623901,7.33996057510376,15.146753311157227,0.12,1.2
-0.8401280045509338,7.424182891845703,14.770339012145996,0.12,1.2
-0.8653454184532166,7.48323392868042,14.22634220123291,0.12,1.2
-0.9654580950737,7.483450412750244,13.748411178588867,0.12,1.2
-0.9944703578948975,7.4880805015563965,13.282939910888672,0.12,1.2
-0.9516494870185852,7.61489725112915,12.909010887145996,0.12,1.2
-0.9269301891326904,7.694934844970703,12.546927452087402,0.12,1.2
-0.7246311902999878,7.822676181793213,12.146446228027344,0.12,1.2
-0.609586238861084,7.9663238525390625,11.639070510864258,0.12,1.2
-0.5618138909339905,8.167248725891113,10.924090385437012,0.12,1.2
-0.61893230676651,8.347467422485352,10.037996292114258,0.1,0.8
-0.7612943649291992,8.508708000183105,9.22722053527832,0.06,1.0
-0.8925814628601074,8.620200157165527,8.660120010375977,0.01,0.6
12
-1.4950352907180786,7.110467910766602,15.341813087463379,0.2,0.2
-1.0970975160598755,7.3749237060546875,15.146753311157227,0.12,1.2
-0.8689150810241699,7.474201202392578,14.763360023498535,0.12,1.2
-0.8995755314826965,7.532761096954346,14.228669166564941,0.12,1.2
-0.9967783689498901,7.528625965118408,13.750738143920898,0.12,1.2
-1.0994421243667603,7.543095588684082,13.2804594039917,0.12,1.2
-1.1407595872879028,7.599259853363037,12.936041831970215,0.12,1.2
-1.1552653312683105,7.758098125457764,12.43492603302002,0.12,1.2
-0.970103919506073,7.9230852127075195,12.032224655151367,0.12,1.2
-0.6736462712287903,8.011576652526855,11.658845901489258,0.12,1.2
-0.10877782106399536,8.065690994262695,11.263235092163086,0.1,0.8
0.5065436363220215,7.961409091949463,10.889274597167969,0.06,1.0
1.0294017791748047,7.763534069061279,10.802708625793457,0.01,0.6
13
-1.4916304349899292,7.133083343505859,15.335517883300781,0.2,0.2
-1.1161590814590454,7.405786037445068,15.139179229736328,0.12,1.2
-0.8968451619148254,7.515415191650391,14.755785942077637,0.12,1.2
-0.9320498108863831,7.582048416137695,14.218660354614258,0.12,1.2
-1.0228192806243896,7.563481330871582,13.746816635131836,0.12,1.2
-1.1310940980911255,7.583115577697754,13.277755737304688,0.12,1.2
-1.1812233924865723,7.635719299316406,12.945513725280762,0.12,1.2
-1.1834967136383057,7.801048755645752,12.42613410949707,0.12,1.2
-0.99310702085495,7.958548545837402,12.024650573730469,0.12,1.2
-0.7006988525390625,8.06432056427002,11.614420890808105,0.12,1.2
-0.1354331523180008,8.126832008361816,11.211017608642578,0.12,1.2
0.3553686738014221,8.153728485107422,10.766820907592773,0.1,0.8
0.6369781494140625,8.079154968261719,10.217872619628906,0.06,1.0
0.7615283727645874,8.05772590637207,9.753880500793457,0.01,0.6
13
-1.504435658454895,7.137016773223877,15.336459159851074,0.2,0.2
-1.140211582183838,7.428043842315674,15.140143394470215,0.12,1.2
-0.9298563599586487,7.544189929962158,14.75771427154541,0.12,1.2
-0.96029132604599,7.609354019165039,14.21749496459961,0.12,1.2
-1.0621190071105957,7.6043548583984375,13.739262580871582,0.12,1.2
-1.1719346046447754,7.619490146636963,13.289368629455566,0.12,1.2
-1.2408225536346436,7.696406364440918,12.942218780517578,0.12,1.2
-1.2186073064804077,7.836874961853027,12.420709609985352,0.12,1.2
-1.0235042572021484,7.992851257324219,12.008577346801758,0.12,1.2
-0.7342151403427124,8.086713790893555,11.585714340209961,0.12,1.2
-0.19765807688236237,8.172057151794434,11.1356840133667,0.12,1.2
0.2460547685623169,8.22867202758789,10.644862174987793,0.1,0.8
0.48365089297294617,8.259909629821777,10.180719375610352,0.06,1.0
0.588490903377533,8.353181838989258,9.616737365722656,0.01,0.6
14
-1.5123711824417114,7.145081996917725,15.334898948669434,0.2,0.2
-1.1710000038146973,7.464084625244141,15.138582229614258,0.12,1.2
-0.9805545210838318,7.601127624511719,14.754605293273926,0.12,1.2
-0.9866806268692017,7.638558864593506,14.21748161315918,0.12,1.2
-1.1109960079193115,7.664527416229248,13.732797622680664,0.12,1.2
-1.2855682373046875,7.65807580947876,13.286739349365234,0.12,1.2
-1.4166381359100342,7.744035720825195,12.93974781036377,0.12,1.2
-1.3582032918930054,7.879886627197266,12.389939308166504,0.12,1.2
-1.0879762172698975,8.024656295776367,11.993185043334961,0.12,1.2
-0.7882227897644043,8.117931365966797,11.56775951385498,0.12,1.2
-0.24606935679912567,8.206391334533691,11.099786758422852,0.12,1.2
0.19736334681510925,8.260382652282715,10.621780395507812,0.12,1.2
0.4140307903289795,8.292794227600098,10.162763595581055,0.1,0.8
0.5114119052886963,8.436464309692383,9.50195598602295,0.06,1.0
0.47294941544532776,8.468819618225098,9.030305862426758,0.01,0.6
14
-1.5110533237457275,7.1678643226623535,15.338875770568848,0.2,0.2
-1.1932151317596436,7.494357585906982,15.144590377807617,0.12,1.2
-1.0283191204071045,7.650084018707275,14.760613441467285,0.12,1.2
-1.012728214263916,7.6789116859436035,14.21661376953125,0.12,1.2
-1.1693451404571533,7.706669330596924,13.752556800842285,0.12,1.2
-1.356783390045166,7.7132649421691895,13.303061485290527,0.12,1.2
-1.4642200469970703,7.785581588745117,12.952631950378418,0.12,1.2
-1.4134501218795776,7.941591739654541,12.389071464538574,0.12,1.2
-1.1196329593658447,8.084574699401855,11.977705955505371,0.12,1.2
-0.8352141380310059,8.194117546081543,11.547506332397461,0.12,1.2
-0.30649444460868835,8.322722434997559,11.050884246826172,0.12,1.2
0.13491065800189972,8.35798168182373,10.5919771194458,0.12,1.2
0.3300970196723938,8.40357494354248,10.135347366333008,0.1,0.8
0.374631404876709,8.469657897949219,9.584362030029297,0.06,1.0
0.29864946007728577,8.489072799682617,9.127036094665527,0.01,0.6
14
-1.7477853298187256,7.009570121765137,15.443591117858887,0.2,0.2
-2.2335197925567627,7.038534164428711,15.369856834411621,0.12,1.2
-2.5615074634552,7.033394813537598,15.02380084991455,0.12,1.2
-2.714069366455078,6.995699882507324,14.594772338867188,0.12,1.2
-2.828657627105713,6.962086200714111,14.118391036987305,0.12,1.2
-2.8180952072143555,7.0190229415893555,13.609086990356445,0.12,1.2
-2.7242941856384277,7.157001972198486,13.281564712524414,0.12,1.2
-2.6211557388305664,7.456605434417725,12.941983222961426,0.12,1.2
-2.62646222114563,7.782276630401611,12.760522842407227,0.12,1.2
-2.6229372024536133,8.08909797668457,12.41187572479248,0.12,1.2
-2.622833728790283,8.22690486907959,11.805045127868652,0.12,1.2
-2.7868525981903076,8.232361793518066,11.134950637817383,0.12,1.2
-3.0648913383483887,8.036892890930176,10.11854362487793,0.1,0.8
-3.682576894760132,7.996556758880615,9.120148658752441,0.06,1.0
-3.9014782905578613,7.957899570465088,8.35390853881836,0.01,0.6
14
-1.5290062427520752,7.186995983123779,15.33800983428955,0.2,0.2
-1.2153548002243042,7.527275085449219,15.142046928405762,0.12,1.2
-1.0608861446380615,7.6910834312438965,14.76004695892334,0.12,1.2
-1.0709810256958008,7.7239155769348145,14.233842849731445,0.12,1.2
-1.197156548500061,7.744932651519775,13.75587272644043,0.12,1.2
-1.3888517618179321,7.754626274108887,13.316825866699219,0.12,1.2
-1.499656319618225,7.8310136795043945,12.953335762023926,0.12,1.2
-1.4485900402069092,7.9873480796813965,12.381938934326172,0.12,1.2
-1.1674991846084595,8.143552780151367,11.949676513671875,0.12,1.2
-0.8973423838615417,8.268513679504395,11.48813247680664,0.12,1.2
-0.38347741961479187,8.411888122558594,10.975837707519531,0.12,1.2
0.012431979179382324,8.441719055175781,10.506940841674805,0.12,1.2
0.16875094175338745,8.462417602539062,10.062102317810059,0.1,0.8
0.11544983088970184,8.44517707824707,9.523953437805176,0.06,1.0
-0.0394957959651947,8.330619812011719,8.970151901245117,0.01,0.6
13
-1.5352150201797485,7.193291664123535,15.33881664276123,0.2,0.2
-1.2556419372558594,7.593310356140137,15.147289276123047,0.12,1.2
-1.1105365753173828,7.751341342926025,14.772171020507812,0.12,1.2
-1.1500370502471924,7.773536682128906,14.231512069702148,0.12,1.2
-1.2731112241744995,7.793626308441162,13.781783103942871,0.12,1.2
-1.464896321296692,7.803168773651123,13.33646011352539,0.12,1.2
-1.586801528930664,7.885457515716553,12.951004981994629,0.12,1.2
-1.6043003797531128,8.00316047668457,12.379700660705566,0.12,1.2
-1.3194915056228638,8.099628448486328,11.89226245880127,0.12,1.2
-0.8087464570999146,8.260455131530762,11.248862266540527,0.12,1.2
-0.4111792743206024,8.464983940124512,10.63801097869873,0.12,1.2
-0.17020505666732788,8.567512512207031,9.895188331604004,0.1,0.8
-0.20629607141017914,8.628424644470215,9.205883026123047,0.06,1.0
-0.4161389470100403,8.558083534240723,8.314098358154297,0.01,0.6
12
-1.554863452911377,7.206888198852539,15.356228828430176,0.2,0.2
-1.325528860092163,7.666533946990967,15.135886192321777,0.12,1.2
-1.2007830142974854,7.794474124908447,14.768516540527344,0.12,1.2
-1.2360566854476929,7.810785293579102,14.239472389221191,0.12,1.2
-1.395004391670227,7.840129852294922,13.804261207580566,0.12,1.2
-1.5420998334884644,7.829547882080078,13.364745140075684,0.12,1.2
-1.6857942342758179,7.911348819732666,12.981988906860352,0.12,1.2
-1.7344681024551392,8.046027183532715,12.370787620544434,0.12,1.2
-1.5275338888168335,8.203842163085938,11.65628433227539,0.12,1.2
-1.1976827383041382,8.382993698120117,10.958097457885742,0.12,1.2
-1.0885686874389648,8.541097640991211,10.319876670837402,0.1,0.8
-1.1471433639526367,8.70362377166748,9.643106460571289,0.06,1.0
-1.3893903493881226,8.868229866027832,8.935495376586914,0.01,0.6
12
-1.5657951831817627,7.201026439666748,15.35255241394043,0.2,0.2
-1.4099839925765991,7.694860458374023,15.118108749389648,0.12,1.2
-1.2964497804641724,7.854682445526123,14.759000778198242,0.12,1.2
-1.320434808731079,7.825623989105225,14.239604949951172,0.12,1.2
-1.4543886184692383,7.852015972137451,13.804393768310547,0.12,1.2
-1.6077325344085693,7.842172145843506,13.364877700805664,0.12,1.2
-1.773148536682129,7.9278106689453125,12.979240417480469,0.12,1.2
-1.8494962453842163,8.069572448730469,12.359394073486328,0.12,1.2
-1.6436125040054321,8.245311737060547,11.6045503616333,0.12,1.2
-1.2960528135299683,8.413471221923828,10.926533699035645,0.12,1.2
-1.178750991821289,8.560436248779297,10.311365127563477,0.1,0.8
-1.2783852815628052,8.7239990234375,9.64323902130127,0.06,1.0
-1.6082593202590942,8.897685050964355,8.938508987426758,0.01,0.6
13
-1.5880310535430908,7.2119622230529785,15.367154121398926,0.2,0.2
-1.4912959337234497,7.732460021972656,15.125476837158203,0.12,1.2
-1.395052194595337,7.893649101257324,14.770753860473633,0.12,1.2
-1.4036179780960083,7.874283790588379,14.261632919311523,0.12,1.2
-1.5265270471572876,7.894468784332275,13.82772445678711,0.12,1.2
-1.7012407779693604,7.895665645599365,13.378223419189453,0.12,1.2
-1.838263750076294,7.965126037597656,12.994235038757324,0.12,1.2
-1.9283548593521118,8.081414222717285,12.371220588684082,0.12,1.2
-1.862475872039795,8.217418670654297,11.535484313964844,0.12,1.2
-1.4250911474227905,8.460626602172852,10.885448455810547,0.12,1.2
-1.301863670349121,8.56113338470459,10.303396224975586,0.12,1.2
-1.4305580854415894,8.740234375,9.629483222961426,0.1,0.8
-1.7593052387237549,8.814083099365234,8.985411643981934,0.06,1.0
-2.133744716644287,8.866085052490234,8.405214309692383,0.01,0.6
12
-1.6009118556976318,7.214898586273193,15.366595268249512,0.2,0.2
-1.584120750427246,7.748917102813721,15.139416694641113,0.12,1.2
-1.4863343238830566,7.903505802154541,14.741392135620117,0.12,1.2
-1.4994045495986938,7.8808465003967285,14.261327743530273,0.12,1.2
-1.5895940065383911,7.89944314956665,13.829587936401367,0.12,1.2
-1.782044529914856,7.900015354156494,13.391327857971191,0.12,1.2
-1.9078105688095093,7.9676737785339355,13.018579483032227,0.12,1.2
-2.0468995571136475,8.086400032043457,12.391818046569824,0.12,1.2
-2.0108933448791504,8.230791091918945,11.496131896972656,0.12,1.2
-1.6972795724868774,8.417500495910645,10.704710006713867,0.12,1.2
-1.6681532859802246,8.5501708984375,10.173720359802246,0.1,0.8
-1.7439682483673096,8.561253547668457,9.503232955932617,0.06,1.0
-1.8118972778320312,8.498513221740723,9.03071403503418,0.01,0.6
14
-1.743870496749878,7.020578861236572,15.444489479064941,0.2,0.2
-2.242481231689453,7.097252368927002,15.376245498657227,0.12,1.2
-2.5589866638183594,7.100809574127197,15.02191162109375,0.12,1.2
-2.712348699569702,7.085361480712891,14.591686248779297,0.12,1.2
-2.8149030208587646,7.05942440032959,14.129250526428223,0.12,1.2
-2.799557685852051,7.095322608947754,13.625923156738281,0.12,1.2
-2.7605953216552734,7.2393059730529785,13.25847339630127,0.12,1.2
-2.7579128742218018,7.447538375854492,12.942291259765625,0.12,1.2
-2.8058202266693115,7.781513214111328,12.725285530090332,0.12,1.2
-2.9974703788757324,8.163185119628906,12.285929679870605,0.12,1.2
-3.380817413330078,8.326640129089355,11.78333854675293,0.12,1.2
-3.861186981201172,8.446708679199219,11.04380989074707,0.12,1.2
-4.14108419418335,8.352431297302246,10.464516639709473,0.1,0.8
-4.280235767364502,8.292508125305176,9.885223388671875,0.06,1.0
-4.272176265716553,8.0746488571167,9.154380798339844,0.01,0.6
14
-1.7444722652435303,7.033855438232422,15.443343162536621,0.2,0.2
-2.244123697280884,7.1674652099609375,15.37032413482666,0.12,1.2
-2.555459976196289,7.192859172821045,15.014663696289062,0.12,1.2
-2.698589324951172,7.1536970138549805,14.573508262634277,0.12,1.2
-2.7976906299591064,7.128905773162842,14.123847007751465,0.12,1.2
-2.7754311561584473,7.171697616577148,13.639678955078125,0.12,1.2
-2.789569139480591,7.251748085021973,13.25732707977295,0.12,1.2
-2.8262100219726562,7.459036827087402,12.937320709228516,0.12,1.2
-2.89319109916687,7.78240966796875,12.737523078918457,0.12,1.2
-3.132373809814453,8.153956413269043,12.31155014038086,0.12,1.2
-3.459045648574829,8.32066822052002,11.808959007263184,0.12,1.2
-3.951707601547241,8.426300048828125,11.09428596496582,0.12,1.2
-4.31698751449585,8.661271095275879,10.441535949707031,0.1,0.8
-4.511783599853516,8.553292274475098,9.880524635314941,0.06,1.0
-4.646541595458984,8.418042182922363,9.04887580871582,0.01,0.6
10
-1.613822102546692,7.210439205169678,15.371990203857422,0.2,0.2
-1.623462200164795,7.757989883422852,15.140780448913574,0.12,1.2
-1.6014125347137451,7.9344801902771,14.74043083190918,0.12,1.2
-1.5901020765304565,7.912013053894043,14.271663665771484,0.12,1.2
-1.6374382972717285,7.938366889953613,13.845599174499512,0.12,1.2
-1.7908697128295898,7.933074951171875,13.369799613952637,0.12,1.2
-1.9529774188995361,8.03373908996582,13.014114379882812,0.12,1.2
-2.0283803939819336,8.317051887512207,12.417078971862793,0.12,1.2
-1.9789973497390747,8.517132759094238,11.514175415039062,0.1,0.8
-1.694100022315979,8.716092109680176,10.749127388000488,0.06,1.0
-1.4424148797988892,8.737133026123047,9.928531646728516,0.01,0.6
10
-1.6458395719528198,7.212950229644775,15.373295783996582,0.2,0.2
-1.7079106569290161,7.760295867919922,15.152962684631348,0.12,1.2
-1.6938003301620483,7.930595397949219,14.753803253173828,0.12,1.2
-1.6824898719787598,7.908128261566162,14.285036087036133,0.12,1.2
-1.7427921295166016,7.931232929229736,13.869097709655762,0.12,1.2
-1.854325771331787,7.92868709564209,13.383172035217285,0.12,1.2
-1.9962371587753296,8.057239532470703,13.025022506713867,0.12,1.2
-2.072868824005127,8.346843719482422,12.443198204040527,0.12,1.2
-2.0177958011627197,8.575518608093262,11.527547836303711,0.1,0.8
-1.7336413860321045,8.790271759033203,10.741621971130371,0.06,1.0
-1.5056869983673096,8.854470252990723,9.842885971069336,0.01,0.6
14
-1.7357577085494995,7.052124977111816,15.437451362609863,0.2,0.2
-2.227693557739258,7.244889259338379,15.364584922790527,0.12,1.2
-2.532599925994873,7.279284954071045,15.008932113647461,0.12,1.2
-2.701205015182495,7.236789703369141,14.560598373413086,0.12,1.2
-2.7901315689086914,7.216347694396973,14.101901054382324,0.12,1.2
-2.7638909816741943,7.249925136566162,13.639139175415039,0.12,1.2
-2.8389623165130615,7.265406608581543,13.261833190917969,0.12,1.2
-2.883352279663086,7.4562225341796875,12.92265510559082,0.12,1.2
-2.9663219451904297,7.770305156707764,12.735140800476074,0.12,1.2
-3.1677653789520264,8.195932388305664,12.332361221313477,0.12,1.2
-3.463268756866455,8.397592544555664,11.817411422729492,0.12,1.2
-3.964362859725952,8.482562065124512,11.111144065856934,0.12,1.2
-4.348248481750488,8.728249549865723,10.476529121398926,0.1,0.8
-4.569526672363281,8.633002281188965,9.874632835388184,0.06,1.0
-4.759838581085205,8.5543212890625,9.049484252929688,0.01,0.6
10
-1.6662914752960205,7.2096781730651855,15.379720687866211,0.2,0.2
-1.7620383501052856,7.742754936218262,15.155232429504395,0.12,1.2
-1.7772958278656006,7.918166160583496,14.759163856506348,0.12,1.2
-1.7862807512283325,7.9036455154418945,14.275662422180176,0.12,1.2
-1.8045470714569092,7.92413330078125,13.870062828063965,0.12,1.2
-1.9054803848266602,7.9370551109313965,13.380399703979492,0.12,1.2
-2.0693655014038086,8.068163871765137,13.028121948242188,0.12,1.2
-2.1374664306640625,8.355865478515625,12.44416332244873,0.12,1.2
-2.03904390335083,8.609344482421875,11.52650260925293,0.1,0.8
-1.7616353034973145,8.850293159484863,10.72449016571045,0.06,1.0
-1.6610738039016724,8.894984245300293,9.791362762451172,0.01,0.6
8
-1.6859591007232666,7.208027362823486,15.398724555969238,0.2,0.2
-1.8392797708511353,7.740412712097168,15.149528503417969,0.12,1.2
-1.8695518970489502,7.901052951812744,14.759163856506348,0.12,1.2
-1.8957083225250244,7.907318592071533,14.264253616333008,0.12,1.2
-1.9076095819473267,7.932041168212891,13.859905242919922,0.12,1.2
-1.9217381477355957,8.069933891296387,13.376673698425293,0.12,1.2
-1.8661459684371948,8.322282791137695,12.891796112060547,0.1,0.8
-1.7517715692520142,8.62476634979248,12.2471923828125,0.06,1.0
-1.4625840187072754,8.922502517700195,11.741572380065918,0.01,0.6
9
-1.704005241394043,7.184530735015869,15.411672592163086,0.2,0.2
-1.9491615295410156,7.741940498352051,15.1547269821167,0.12,1.2
-1.9854717254638672,7.879601001739502,14.74078369140625,0.12,1.2
-2.002202272415161,7.881369590759277,14.262859344482422,0.12,1.2
-2.014103412628174,7.906092166900635,13.858510971069336,0.12,1.2
-2.0074150562286377,8.056995391845703,13.358293533325195,0.12,1.2
-1.9806113243103027,8.305326461791992,12.863709449768066,0.12,1.2
-1.8403793573379517,8.622239112854004,12.202119827270508,0.1,0.8
-1.5360703468322754,8.924232482910156,11.696499824523926,0.06,1.0
-1.38200044631958,9.140239715576172,11.286413192749023,0.01,0.6
12
-1.7326871156692505,7.070736408233643,15.431577682495117,0.2,0.2
-2.221255302429199,7.2883501052856445,15.350879669189453,0.12,1.2
-2.525325298309326,7.357590675354004,14.972661018371582,0.12,1.2
-2.6900362968444824,7.305049896240234,14.53541374206543,0.12,1.2
-2.7700958251953125,7.304929256439209,14.098173141479492,0.12,1.2
-2.7804203033447266,7.360321998596191,13.627346992492676,0.12,1.2
-2.76908016204834,7.455680847167969,13.258549690246582,0.12,1.2
-2.7498104572296143,7.624358654022217,12.990747451782227,0.12,1.2
-2.903686761856079,7.830029487609863,12.820968627929688,0.12,1.2
-3.138430118560791,8.27877140045166,12.413310050964355,0.12,1.2
-3.237213611602783,8.604598045349121,11.82614517211914,0.1,0.8
-3.109110116958618,8.965255737304688,11.191629409790039,0.06,1.0
-2.851987600326538,9.302667617797852,10.462684631347656,0.01,0.6
12
-1.729358196258545,7.085355281829834,15.427519798278809,0.2,0.2
-2.2026803493499756,7.333625793457031,15.339103698730469,0.12,1.2
-2.5221898555755615,7.40903902053833,14.942838668823242,0.12,1.2
-2.669048309326172,7.410566806793213,14.505990982055664,0.12,1.2
-2.6972806453704834,7.378933429718018,14.088418006896973,0.12,1.2
-2.737658977508545,7.440329074859619,13.626855850219727,0.12,1.2
-2.7112536430358887,7.554238319396973,13.27588939666748,0.12,1.2
-2.711405038833618,7.687936305999756,13.013437271118164,0.12,1.2
-2.8428213596343994,7.924681186676025,12.861489295959473,0.12,1.2
-3.0775647163391113,8.37342357635498,12.45383071899414,0.12,1.2
-3.1720216274261475,8.709362030029297,11.859533309936523,0.1,0.8
-3.049474000930786,9.05852222442627,11.230367660522461,0.06,1.0
-2.728797674179077,9.32554817199707,10.477640151977539,0.01,0.6
8
-1.7192546129226685,7.184296131134033,15.367395401000977,0.2,0.2
-2.0260941982269287,7.712798118591309,15.154855728149414,0.12,1.2
-2.0985567569732666,7.866414546966553,14.758329391479492,0.12,1.2
-2.1030306816101074,7.861971378326416,14.264702796936035,0.12,1.2
-2.131770610809326,7.920013427734375,13.832379341125488,0.12,1.2
-2.124552011489868,8.065359115600586,13.306791305541992,0.12,1.2
-2.0850188732147217,8.313172340393066,12.821383476257324,0.1,0.8
-1.9998749494552612,8.638249397277832,12.154542922973633,0.06,1.0
-1.8185235261917114,8.952052116394043,11.4603910446167,0.01,0.6
8
-1.7281571626663208,7.178783893585205,15.411046028137207,0.2,0.2
-2.0964596271514893,7.678223609924316,15.166954040527344,0.12,1.2
-2.201524257659912,7.791123390197754,14.756163597106934,0.12,1.2
-2.2023396492004395,7.827343940734863,14.260546684265137,0.12,1.2
-2.231079578399658,7.885385990142822,13.82822322845459,0.12,1.2
-2.2238609790802,8.030731201171875,13.302635192871094,0.12,1.2
-2.1843278408050537,8.278544425964355,12.817227363586426,0.1,0.8
-2.0958168506622314,8.612421989440918,12.140963554382324,0.06,1.0
-1.9346673488616943,8.873419761657715,11.544181823730469,0.01,0.6
10
-1.7282025814056396,7.167876720428467,15.422102928161621,0.2,0.2
-2.174720287322998,7.633896827697754,15.178947448730469,0.12,1.2
-2.2746076583862305,7.7422356605529785,14.786140441894531,0.12,1.2
-2.3189797401428223,7.756004810333252,14.262961387634277,0.12,1.2
-2.317857503890991,7.801575660705566,13.78442668914795,0.12,1.2
-2.3580269813537598,7.9410505294799805,13.192331314086914,0.12,1.2
-2.452622413635254,8.266691207885742,12.562538146972656,0.12,1.2
-2.3693501949310303,8.536018371582031,11.78075122833252,0.12,1.2
-2.399057626724243,8.756953239440918,10.884838104248047,0.1,0.8
-2.4986114501953125,8.824225425720215,10.220529556274414,0.06,1.0
-2.7728183269500732,8.897575378417969,9.529215812683105,0.01,0.6
11
-1.7404669523239136,7.152703285217285,15.43039608001709,0.2,0.2
-2.2735607624053955,7.56752347946167,15.206070899963379,0.12,1.2
-2.422866106033325,7.6428327560424805,14.821678161621094,0.12,1.2
-2.504973888397217,7.644895076751709,14.31339168548584,0.12,1.2
-2.5038516521453857,7.690465927124023,13.834856986999512,0.12,1.2
-2.5440211296081543,7.8299407958984375,13.242761611938477,0.12,1.2
-2.6386165618896484,8.1555814743042,12.612968444824219,0.12,1.2
-2.555344343185425,8.424908638000488,11.831181526184082,0.12,1.2
-2.6195907592773438,8.646520614624023,10.93526840209961,0.12,1.2
-2.775662899017334,8.714900016784668,10.270959854125977,0.1,0.8
-2.977663993835449,8.78622055053711,9.585897445678711,0.06,1.0
-3.128108501434326,8.82662582397461,9.20495891571045,0.01,0.6
9
-1.7493009567260742,7.14293909072876,15.431723594665527,0.2,0.2
-2.3295700550079346,7.507876873016357,15.215126037597656,0.12,1.2
-2.4738738536834717,7.589856147766113,14.834447860717773,0.12,1.2
-2.5751953125,7.564557075500488,14.354900360107422,0.12,1.2
-2.5625524520874023,7.607592582702637,13.830896377563477,0.12,1.2
-2.5461435317993164,7.695126533508301,13.284441947937012,0.12,1.2
-2.4001801013946533,7.850120544433594,12.786721229553223,0.12,1.2
-2.193286657333374,8.03724479675293,12.108258247375488,0.1,0.8
-1.8841464519500732,7.980755805969238,11.325778007507324,0.06,1.0
-1.730154037475586,7.703706741333008,10.648310661315918,0.01,0.6
9
-1.757501482963562,7.12551736831665,15.43570613861084,0.2,0.2
-2.356616258621216,7.460272789001465,15.223567008972168,0.12,1.2
-2.516303539276123,7.511303424835205,14.860203742980957,0.12,1.2
-2.627157688140869,7.474083423614502,14.38968276977539,0.12,1.2
-2.6363987922668457,7.4983906745910645,13.863018035888672,0.12,1.2
-2.586642265319824,7.615390777587891,13.308761596679688,0.12,1.2
-2.4856514930725098,7.773929595947266,12.739705085754395,0.12,1.2
-2.2787580490112305,7.96105432510376,12.06124210357666,0.1,0.8
-1.9696178436279297,7.904565334320068,11.278761863708496,0.06,1.0
-1.8156254291534424,7.627516269683838,10.60129451751709,0.01,0.6
10
-1.72037935256958,7.181726455688477,15.417195320129395,0.2,0.2
-2.2445883750915527,7.606805324554443,15.190389633178711,0.12,1.2
-2.3622517585754395,7.705431938171387,14.804756164550781,0.12,1.2
-2.4344642162323,7.698148250579834,14.280933380126953,0.12,1.2
-2.4333419799804688,7.743719100952148,13.802398681640625,0.12,1.2
-2.4735114574432373,7.8831939697265625,13.21030330657959,0.12,1.2
-2.5681068897247314,8.208834648132324,12.580510139465332,0.12,1.2
-2.484834671020508,8.478161811828613,11.798723220825195,0.12,1.2
-2.5490810871124268,8.699773788452148,10.902810096740723,0.1,0.8
-2.705153226852417,8.768153190612793,10.238500595092773,0.06,1.0
-2.9320929050445557,8.84918212890625,9.459674835205078,0.01,0.6
